P
F  1  r2
F  1  r3  2  a3
F  1  r4  2  a4  3  d4
F  3  r5  1  a5  2  d5
F  1  r6  2  a6  3  d6
F  1  r7  2  a7  3  d7

r2=   1.6449757
r3=   1.6450545
a3=  90.1328565
r4=   1.6450067
a4=  89.9569624
d4=  89.9087309
r5=   2.3236116
a5=  45.0638151
d5= 179.9993119
r6=   1.6448920
a6=  89.8675038
d6= 179.9999999
r7=   1.6449898
a7=  90.0100000
d7= 270.0100000
